    0.0 64152.0     0.0  5744.0  1394.0  2522.0   777.0     0.0     0.0   965.0     0.0     0.0     0.0     0.0     0.0     0.0     0.0     0.0     0.0 37853376.0 
    0.0     0.0     0.0 48493.0 16442.0  5899.0  4884.0  4844.0  1899.0   274.0  3399.0     0.0     0.0     0.0     0.0     0.0     0.0     0.0     0.0     0.0 
    0.0     0.0     0.0     0.0  4973.0 16301.0 11116.0  7569.0  2857.0  1607.0  1092.0  8123.0     0.0     0.0     0.0     0.0     0.0     0.0     0.0 3536741.0 
    0.0     0.0     0.0     0.0     0.0     0.0  4803.0  8296.0  6598.0  5816.0 14148.0  6278.0  5587.0 10201.0     0.0     0.0     0.0     0.0     0.0     0.0 
    0.0     0.0     0.0     0.0     0.0     0.0     0.0  3946.0  5256.0  4819.0  4373.0 18448.0  3803.0  7347.0  8186.0 17356.0 17314.0     0.0     0.0     0.0 
    0.0     0.0     0.0     0.0     0.0     0.0     0.0     0.0   518.0  2327.0  3103.0  3857.0  8538.0  1281.0   643.0 17621.0  2844.0     0.0     0.0     0.0 
    0.0     0.0     0.0     0.0     0.0     0.0     0.0     0.0     0.0   265.0  1380.0  1614.0  3141.0  5330.0  3345.0  7259.0  9096.0     0.0     0.0     0.0 
    0.0     0.0     0.0     0.0     0.0     0.0     0.0     0.0     0.0     0.0    56.0   380.0  1064.0  1501.0  4276.0  2741.0  7749.0 16603.0     0.0     0.0 
    0.0     0.0     0.0     0.0     0.0     0.0     0.0     0.0     0.0     0.0     0.0    13.0   234.0   445.0  1778.0  2410.0  1349.0  9551.0  1301.0     0.0 
17589.0     0.0     0.0     0.0     0.0     0.0     0.0     0.0     0.0     0.0     0.0     0.0     0.0   100.0   353.0   820.0  5551.0 16988.0     0.0     0.0 
    0.0     0.0     0.0     0.0     0.0     0.0     0.0     0.0     0.0     0.0     0.0     0.0     0.0     0.0     0.0   270.0   652.0  6782.0 10835.0  6701.0 
  575.0     0.0     0.0     0.0     0.0     0.0     0.0     0.0     0.0     0.0     0.0     0.0     0.0     0.0     0.0     0.0   279.0   712.0  2773.0     0.0 
 6477.0     0.0     0.0 10441.0     0.0     0.0     0.0     0.0     0.0     0.0     0.0     0.0     0.0     0.0     0.0     0.0     0.0    43.0   245.0   200.0 
17890.0  6616.0  1752.0  2181.0     0.0     0.0     0.0     0.0     0.0     0.0     0.0     0.0     0.0     0.0     0.0     0.0     0.0     0.0    26.0    80.0 
  158.0 18893.0  6710.0   638.0     0.0  6499.0     0.0     0.0     0.0     0.0     0.0     0.0     0.0     0.0     0.0     0.0     0.0     0.0    29.0     0.0 
  369.0     0.0 10845.0     0.0     0.0     0.0     0.0     0.0     0.0     0.0     0.0     0.0     0.0     0.0     0.0     0.0     0.0     0.0     0.0     0.0 
   73.0   260.0     0.0  7047.0     0.0     0.0     0.0     0.0     0.0     0.0     0.0     0.0     0.0     0.0     0.0     0.0     0.0     0.0     0.0     0.0 
    0.0     0.0   244.0     0.0  3500.0     0.0     0.0     0.0     0.0     0.0     0.0     0.0     0.0     0.0     0.0     0.0     0.0     0.0     0.0     0.0 
    0.0     0.0     0.0   112.0   109.0     0.0     0.0     0.0     0.0     0.0 32293.0     0.0     0.0     0.0     0.0     0.0     0.0     0.0     0.0     0.0 
    0.0     0.0     0.0     0.0     0.0   113.0     0.0     0.0     0.0     0.0     0.0     0.0     0.0     0.0     0.0     0.0     0.0     0.0     0.0     0.0 

